rank,uri,artist_names,track_name,source,peak_rank,previous_rank,weeks_on_chart,streams,End Date
1,spotify:track:2rOnSn2piaqLAlYjtfUBlY,"Tanishk Bagchi, Jubin Nautiyal, Asees Kaur","Raataan Lambiyan (From ""Shershaah"")",Sony Music Entertainment India Pvt. Ltd.,1,1,17,3448261,2021-11-25
2,spotify:track:72zHuDxFQTjbL51qJQSA7j,"Jasleen Royal, B Praak, Romy, Anvita Dutt","Ranjha (From ""Shershaah"")",Sony Music Entertainment India Pvt. Ltd.,1,2,16,3193590,2021-11-25
3,spotify:track:1iZLpuGMr4tn1F5bZu32Kb,Harrdy Sandhu,Bijlee Bijlee,Universal Music India Pvt Ltd. – Distribution,3,5,4,2940780,2021-11-25
4,spotify:track:5PjdY0CKGZdEuoNab3yDmX,"The Kid LAROI, Justin Bieber",STAY (with Justin Bieber),Columbia,1,3,20,2464863,2021-11-25
5,spotify:track:4gvrJnKCKIPiacNsWVQwEU,"CKay, Dj Yo!, AX'EL",love nwantiti (feat. Dj Yo! & AX'EL) - Remix,WM South Africa,4,4,10,2293726,2021-11-25
6,spotify:track:2NTVtNcpC0i1R7LVGaCZCF,"Badshah, Nikhita Gandhi",Jugnu,Universal Music India Pvt Ltd.,6,6,4,2293534,2021-11-25
7,spotify:track:09vHbIezp9NP31CZWysk3v,"Tanishk Bagchi, Pav Dharia, Nikhita Gandhi","Najaa (From ""Sooryavanshi"")",T-Series,7,10,3,1742092,2021-11-25
8,spotify:track:5Z9KJZvQzH6PFmb8SNkxuk,"Lil Nas X, Jack Harlow",INDUSTRY BABY (feat. Jack Harlow),Columbia,6,7,18,1728295,2021-11-25
9,spotify:track:7hU3IHwjX150XLoTVmjD0q,LISA,MONEY,YG Entertainment/Interscope Records,6,9,11,1582915,2021-11-25
10,spotify:track:3jf5303mzzJ96O8xFTcEn4,"B Praak, Jaani","Mann Bharryaa 2.0 (From ""Shershaah"")",Sony Music Entertainment India Pvt. Ltd.,3,8,15,1555340,2021-11-25
11,spotify:track:0yCWDaAgOtg6TKlNCg9rwA,King,Tu Aake Dekhle,Warner Music India,6,11,43,1464123,2021-11-25
12,spotify:track:6XPmY4hIb1RGRyNuq0UBsl,The PropheC,Kina Chir,PropheC Productions,12,17,5,1390846,2021-11-25
13,spotify:track:02MWAaffLxlfxAUY7c5dvx,Glass Animals,Heat Waves,Polydor Records,9,12,19,1388551,2021-11-25
14,spotify:track:6qZyM6JV8ohLC4S2EL5sFh,"Sachet Tandon, Nikhita Gandhi, Madhubanti Bagchi, Sachin-Jigar",Barbaadiyan,T-Series,14,15,8,1338376,2021-11-25
15,spotify:track:2FCXQHugkoHE1K3tiDu8pu,"Alka Yagnik, Arijit Singh","Agar Tum Saath Ho (From ""Tamasha"")",T-Series,4,16,130,1281887,2021-11-25
16,spotify:track:0XwRlvv3KlOu4HWlOH34XG,Diljit Dosanjh,Lover,Diljit Dosanjh,13,14,14,1233558,2021-11-25
17,spotify:track:6JUQViD0hLXlvWXCV4uUF8,Manan Bhardwaj,Chitta,T-Series,8,13,6,1220659,2021-11-25
18,spotify:track:5zfRl79umXWvKoA7p4KEPa,"Udit Narayan, Alka Yagnik","Tip Tip (From ""Sooryavanshi"")",T-Series,18,20,3,1143775,2021-11-25
19,spotify:track:5urYiIXu1ZhfMAOsp7WDTc,"Rajat Nagpal, Yasser Desai, Neha Kakkar, Rana Sotal","Dil Ko Karaar Aaya (From ""Sukoon"")",Desi Music Factory,3,19,27,1127942,2021-11-25
20,spotify:track:6G699QfN1BWYWXfiblH51F,"Tanishk Bagchi, Zahrah S Khan, Dev Negi","Kusu Kusu (From ""Satyameva Jayate 2"")",T-Series,20,42,2,1089187,2021-11-25
21,spotify:track:1smFN2CLqGROu0J0UyvDfL,"Pritam, Arijit Singh",Shayad,Sony Music Entertainment India Pvt. Ltd.,1,21,97,1088650,2021-11-25
22,spotify:track:6CTN8S2qzPwZdwwp0Nugvy,Manan Bhardwaj,"Shiddat Title Track (From ""Shiddat"")",T-Series,14,18,8,1087725,2021-11-25
23,spotify:track:1y5beX4vn7QPfg36r4jiWo,"Maninder Buttar, Zara Khan, Tanishk Bagchi","Sakhiyan2.0 (From ""BellBottom"")",Saregama,7,22,15,1051563,2021-11-25
24,spotify:track:7xeE24WnWUXDwgqGiaeshi,Shubh,We Rollin,SHUBH,24,46,2,1033764,2021-11-25
25,spotify:track:2Xr1dTzJee307rmrkt8c0g,CKay,love nwantiti (ah ah ah),Chocolate City Music,7,24,10,1031704,2021-11-25
26,spotify:track:3KeMulXbLDJBQdY5PZbGEh,"A.R. Rahman, Shreya Ghoshal",Param Sundari,Sony Music Entertainment India Pvt. Ltd.,7,25,19,1030638,2021-11-25
27,spotify:track:6R6BpMBFQrF7n2uEOxYmss,"Javed-Mohsin, Darshan Raval","Kabhii Tumhhe (From ""Shershaah"")",Sony Music Entertainment India Pvt. Ltd.,5,26,15,989719,2021-11-25
28,spotify:track:6Uj1ctrBOjOas8xZXGqKk4,Doja Cat,Woman,Kemosabe Records/RCA Records,6,27,15,988529,2021-11-25
29,spotify:track:0tjnLIbuF8mwLUKq3CNIdH,"Sachet Tandon, Parampara Tandon, Sachin-Jigar",Jug Jug Jeeve,T-Series,29,32,5,948768,2021-11-25
30,spotify:track:4iKGu3xtvm90eBw0EIPWJP,"Rahul Sipligunj, Kala Bhairava, M. M. Keeravaani, Chandra Bose","Naatu Naatu (From ""Rrr"")",Lahari Music,23,23,2,940892,2021-11-25
32,spotify:track:2rU33n6Fhd6G1MzYhUj6C5,"Jubin Nautiyal, Emraan Hashmi",Lut Gaye,T-Series,1,29,38,893790,2021-11-25
33,spotify:track:7HPM13Xek5XoRWxRzHfvkB,"Jubin Nautiyal, Meet Bros., Shardul Rathod",Dil Galti Kar Baitha Hai,T-Series,22,31,9,889168,2021-11-25
34,spotify:track:09gysnJpfQ3ublBmJDfcEC,"Amaarae, Kali Uchis, MOLIY",SAD GIRLZ LUV MONEY Remix (feat. Kali Uchis and Moliy),0207 Def Jam,34,57,2,886206,2021-11-25
35,spotify:track:3B4etxytImrRKQgV3XHjnR,Katy Perry,Harleys In Hawaii,Capitol Records,32,33,15,876848,2021-11-25
36,spotify:track:4hOsYVSWKWP71u3yQbcqZB,"Harnoor, Gifty",Waalian,Sky Digital,15,35,41,874746,2021-11-25
37,spotify:track:5pcmtf1lwrMqmAWWm248fY,"AP Dhillon, Gurinder Gill",DESIRES,RUN-UP RECORDS,37,-1,1,868889,2021-11-25
38,spotify:track:58f4twRnbZOOVUhMUpplJ4,"AP Dhillon, Gminxr, Gurinder Gill, Shinda Kahlon",Brown Munde,Run-up Records,1,38,53,863041,2021-11-25
39,spotify:track:2qxmye6gAegTMjLKEBoR3d,Alec Benjamin,Let Me Down Slowly,2018,34,36,85,860459,2021-11-25
40,spotify:track:1SC5rEoYDGUK4NfG82494W,Lil Nas X,MONTERO (Call Me By Your Name),Columbia,1,37,35,858107,2021-11-25
41,spotify:track:2J2Z1SkXYghSajLibnQHOa,Sia,Unstoppable,Monkey Puzzle Records/RCA Records,41,50,17,850217,2021-11-25
42,spotify:track:55nRhkhe7ckZhazYrv6ZOX,Zehr Vibe,Distance Love,Sky Digital,19,28,7,849805,2021-11-25
43,spotify:track:2Fv2injs4qAm8mJBGaxVKU,"Arijit Singh, Mithoon","Tujhe Kitna Chahne Lage (From ""Kabir Singh"")",T-Series,2,41,130,848394,2021-11-25
44,spotify:track:6TClJ8jXi3OBV7gcrU3jx5,"AP Dhillon, Gurinder Gill",TERE TE,RUN-UP RECORDS,44,-1,1,846208,2021-11-25
45,spotify:track:46HNZY1i7O6jwTA7Slo2PI,"Coldplay, BTS",My Universe,Parlophone UK,5,34,9,839189,2021-11-25
46,spotify:track:3UhmuWcFaLS3AO3kI9ynQ2,"AP Dhillon, Shinda Kahlon, Gurinder Gill, Gminxr",Insane,RUN-UP RECORDS,9,49,32,827920,2021-11-25
48,spotify:track:2YmXGUx32C3CUEgcAyHcGf,"Devi Sri Prasad, Sid Sriram, Chandra Bose","Srivalli (From ""Pushpa - The Rise"")(Telugu)",Aditya Music,25,39,6,784961,2021-11-25
49,spotify:track:4dPx6DcxbkhijIdzfZjaTb,"Thaman S, Harini Ivaturi, Sahithi Chaganti","Tum Tum (From ""Enemy - Telugu"")",Divo Tv Private Limited,49,79,3,781265,2021-11-25
50,spotify:track:48QmG1dfvMuYLxMPt7KSRA,"Sean Paul, Dua Lipa",No Lie,Universal-Island Records Ltd.,50,72,2,747761,2021-11-25
51,spotify:track:5O932cZmzOZGOGZz9RHx20,"Pritam, Arijit Singh",Khairiyat,T-Series,1,45,116,745805,2021-11-25
52,spotify:track:6v3KW9xbzN5yKLt9YKDYA2,"Shawn Mendes, Camila Cabello",Señorita,Island Records,1,48,127,740098,2021-11-25
53,spotify:track:576v1keY82NOPITMNu0wD2,"B Praak, Akshay Kumar, Nupur Sanon, Ammy Virk",Filhaal2 Mohabbat,Universal Music India Pvt Ltd. – Distribution,4,44,21,739021,2021-11-25
54,spotify:track:32LKwbmh6yVsWoRRF8DIvf,Pav Dharia,Na Ja,Ishtar Punjabi,54,91,3,734416,2021-11-25
55,spotify:track:2bgTY4UwhfBYhGT4HUYStN,BTS,Butter,BIGHIT MUSIC,1,51,27,717787,2021-11-25
56,spotify:track:1J14CdDAvBTE1AJYUOwl6C,Duncan Laurence,Arcade,"Universal Music, a division of Universal International Music BV",7,47,40,715192,2021-11-25
57,spotify:track:0pqnGHJpmpxLKifKRmU6WP,Imagine Dragons,Believer,Kid Ina Korner / Interscope,25,54,144,699709,2021-11-25
58,spotify:track:4saklk6nie3yiGePpBwUoc,BTS,Dynamite,BIGHIT MUSIC,1,55,66,697292,2021-11-25
59,spotify:track:0tpwqQhdfJXRcUDSNRjb9O,"Arijit Singh, Neeti Mohan, Rashmi Virag","Mere Yaaraa (From ""Sooryavanshi"")",T-Series,59,62,4,694961,2021-11-25
60,spotify:track:2ZRo7axmMPeSVUvDbGkJah,XXXTENTACION,Hope,"Bad Vibes Forever, LLC",44,52,26,693309,2021-11-25
62,spotify:track:5eGsHi6RcL33gb9k89UYaB,"Tegi Pannu, Manni Sandhu",Schedule,Collab Creations Ltd,40,53,13,675079,2021-11-25
63,spotify:track:5enxwA8aAbwZbf5qCHORXi,Taylor Swift,All Too Well (10 Minute Version) (Taylor's Version) (From The Vault),Taylor Swift,40,40,2,673085,2021-11-25
64,spotify:track:29m79w9xPMH4YCD6r8JSmV,"AP Dhillon, Gurinder Gill, Intense",Excuses,RUN-UP RECORDS,64,103,5,665950,2021-11-25
65,spotify:track:2SazZ5d4m9G5IWu5xdMjZf,"Sidhu Moose Wala, Shooter Kahlon",Satisfy,5911 Records,65,-1,1,656716,2021-11-25
66,spotify:track:1Ef0TmgS1QrVO6tKHrMMmH,"Vishal-Shekhar, Arijit Singh, Shilpa Rao, Kumaar","Ghungroo (From ""War"")",YRF Music,1,60,116,652031,2021-11-25
67,spotify:track:47Rqh5ZSamtIOFi7G6VgFJ,"Badshah, Aastha Gill",Paani Paani,Saregama,2,61,24,646951,2021-11-25
68,spotify:track:0qOnSQQF0yzuPWsXrQ9paz,"Gym Class Heroes, Adam Levine",Stereo Hearts (feat. Adam Levine),Decaydance/Fueled By Ramen,12,63,43,642499,2021-11-25
69,spotify:track:2PEo8JQ48mfEv8a2HLqDvt,"Sachin-Jigar, Rashmeet Kaur, Shamur, IP Singh","Nadiyon Paar (Let the Music Play Again) (From ""Roohi"")",Sony Music Entertainment India Pvt. Ltd.,5,58,38,633926,2021-11-25
71,spotify:track:3s3J70eRpRH2hcYq4mEXTJ,"Akhil, Dhvani Bhanushali","Duniyaa (From ""Luka Chuppi"")",T-Series,1,71,144,618057,2021-11-25
72,spotify:track:5zUPoHkgqAr1XwTMNzNtGs,"Tegi Pannu, Manni Sandhu",Fully Loaded,Collab Creations Ltd,53,59,6,613325,2021-11-25
73,spotify:track:6IaHIJYxIG8xbosaRr25AC,Harnoor,Parshawan,Legacy Records,30,66,24,611996,2021-11-25
74,spotify:track:3Vi5XqYrmQgOYBajMWSvCi,Doja Cat,Need to Know,Kemosabe Records/RCA Records,9,64,17,606256,2021-11-25
75,spotify:track:39LLxExYz6ewLAcYrzQQyP,Dua Lipa,Levitating,Warner Records,11,74,32,605800,2021-11-25
76,spotify:track:0u2P5u6lvoDfwTYjAADbn4,"Billie Eilish, Khalid",lovely (with Khalid),Darkroom,23,73,138,601162,2021-11-25
77,spotify:track:4ZUxhQNRCzlh6alqBHPNRC,"Devi Sri Prasad, Mounika Yadav, Chandra Bose","Saami Saami (From ""Pushpa - The Rise"")(Telugu)",Aditya Music,75,75,4,599612,2021-11-25
78,spotify:track:11IAzj9706fIKBVCJyMNNt,"Jasmine Sandlas, Garry Sandhu","Illegal Weapon 2.0 (From ""Street Dancer 3D"")",T-Series,1,67,99,597037,2021-11-25
79,spotify:track:2BeY2dQPbD8xYxx3yhBTVD,Gajendra Verma,Mann Mera,Sony Music / Eros Now Music,66,76,37,593256,2021-11-25
80,spotify:track:0tgVpDi06FyKpA1z0VMD4v,Ed Sheeran,Perfect,Atlantic Records UK,59,85,84,587808,2021-11-25
81,spotify:track:2MJz8BxxMsERULatmBikDH,Pink Sweat$,At My Worst,Atlantic Records,3,82,47,585569,2021-11-25
82,spotify:track:6Aq6LN9pt3TxjkfAJmet5A,"Pritam, Tanishk Bagchi, Daler Mehndi","Aila Re Aillaa (From ""Sooryavanshi"")",T-Series,59,65,5,581424,2021-11-25
83,spotify:track:1y1rQTkWmrZdJmjwuK07GC,"Vishal Mishra, Manoj Muntashir","Kaise Hua (From ""Kabir Singh"")",T-Series,5,86,128,580869,2021-11-25
84,spotify:track:4iJyoBOLtHqaGxP12qzhQI,"Justin Bieber, Daniel Caesar, Giveon",Peaches (feat. Daniel Caesar & Giveon),RBMG/Def Jam,1,80,36,577876,2021-11-25
85,spotify:track:7qiZfU4dY1lWllzX7mPBI3,Ed Sheeran,Shape of You,Atlantic Records UK,63,90,81,575704,2021-11-25
86,spotify:track:0eu4C55hL6x29mmeAjytzC,Oliver Tree,Life Goes On,Atlantic Records,25,56,8,574665,2021-11-25
87,spotify:track:7uQZVznj0uQOGC9KhV2Mg6,LISA,LALISA,YG Entertainment/Interscope Records,9,70,11,571222,2021-11-25
88,spotify:track:3e7sxremeOE3wTySiOhGiP,"ZAYN, Sia",Dusk Till Dawn (feat. Sia) - Radio Edit,RCA Records Label,51,88,112,568889,2021-11-25
89,spotify:track:57jOEZtoLQK4zF2x55bdkp,"Rochak Kohli, Arijit Singh, Neha Kakkar","Tu Hi Yaar Mera (From ""Pati Patni Aur Woh"")",T-Series,8,89,103,568459,2021-11-25
90,spotify:track:0b11D9D0hMOYCIMN3OKreM,"Witt Lowry, Ava Max",Into Your Arms (feat. Ava Max),Witt Lowry,31,77,40,564260,2021-11-25
91,spotify:track:76TcsS8szd8ZQjwnz78xg9,"Mankirt Aulakh, Gurlez Akhtar",2 Raflaan (feat. Gurlej Akhtar),Sky Digital,91,-1,1,553538,2021-11-25
92,spotify:track:3sqRODOZ1Z6hR4F2tnFAlg,Maninder Buttar,Sakhiyaan,Ishtar Punjabi,20,92,134,552515,2021-11-25
93,spotify:track:3qrdLVOClRU4yPkcXZ7c5u,"Ayushmann Khurrana, Tanishk-Vayu","Mere Liye Tum Kaafi Ho (From ""Shubh Mangal Zyada Saavdhan"")",T-Series,11,93,94,551819,2021-11-25
94,spotify:track:3D0pmiK3zyF9PudyJ8mkor,"AP Dhillon, Amari",Ma Belle,RUN-UP RECORDS,18,106,19,548766,2021-11-25
95,spotify:track:50RcuWjfUcoJfWMNegXF0b,"Yuvan Shankar Raja, Harini Ivaturi, Justin Prabhakaran","Ee Raathale (From ""Radhe Shyam"")",T-Series,95,-1,1,545505,2021-11-25
96,spotify:track:3TcL0dyCMyr0kyTTc4NLgI,Selena Gomez & The Scene,Who Says,Hollywood Records,63,78,5,541932,2021-11-25
97,spotify:track:0VjIjW4GlUZAMYd2vXMi3b,The Weeknd,Blinding Lights,Republic Records,4,96,104,540270,2021-11-25
98,spotify:track:46IZ0fSY2mpAiktS3KOqds,Adele,Easy On Me,Columbia,44,137,6,535045,2021-11-25
99,spotify:track:2uBlWwG0P6cUOUBiZhPmBM,"Gurnazar, Asees Kaur","Marjaawaan (From ""BellBottom"")",Saregama,30,81,16,533229,2021-11-25
100,spotify:track:3Wrjm47oTz2sjIgck11l5e,Måneskin,Beggin',RCA Records Label,2,83,23,532249,2021-11-25
102,spotify:track:6DFXFqK5PTGqTzTbdj47uV,Sid Sriram,Leharaayi,Aditya Music,39,95,7,528622,2021-11-25
103,spotify:track:00Blm7zeNqgYLPtW6zg8cj,"Post Malone, The Weeknd",One Right Now (with The Weeknd),Republic Records,60,84,3,528080,2021-11-25
104,spotify:track:7BKLCZ1jbUBVqRi2FVlTVw,"The Chainsmokers, Halsey",Closer,Disruptor Records/Columbia,59,105,144,523604,2021-11-25
105,spotify:track:5ZQnQnbUVtBO0pl3ShqVHG,"Guru Randhawa, Tulsi Kumar","Lagdi Lahore Di (From ""Street Dancer 3D"")",T-Series,7,112,71,519706,2021-11-25
106,spotify:track:7mNZUnDWUDidWBFaUpVtOC,Vilen,Chidiya,Universal Music India Pvt Ltd.,4,130,74,516325,2021-11-25
107,spotify:track:4jPy3l0RUwlUI9T5XHBW2m,"24kGoldn, iann dior",Mood (feat. iann dior),Records/Columbia,2,107,66,515981,2021-11-25
108,spotify:track:6UelLqGlWMcVH1E5c4H7lY,Harry Styles,Watermelon Sugar,Columbia,26,124,85,514877,2021-11-25
109,spotify:track:2gQPv5jvVPqU2a9HhMNO1v,BoyWithUke,Toxic,Republic Records,109,145,2,514186,2021-11-25
110,spotify:track:2PcGqmKToUz0s65q1Acg7d,"AP Dhillon, Shinda Kahlon, Gminxr",SPACESHIP,RUN-UP RECORDS,110,-1,1,512545,2021-11-25
111,spotify:track:5JO2usoem1CW1pLL1kLj9E,"Chamath Sangeeth, Yohani, Satheeshan",Manike Mage Hithe,Aryans Music,10,87,17,512213,2021-11-25
112,spotify:track:16xg7UwH9hbs96vCD8k6bC,Emiway Bantai,GRIND,Bantai Studio,61,98,8,503287,2021-11-25
113,spotify:track:6I3mqTwhRpn34SLVafSH7G,Justin Bieber,Ghost,RBMG/Def Jam,98,113,7,502717,2021-11-25
114,spotify:track:2IoZMG3RqiTmsy7Li3zGFg,"Sachet Tandon, Parampara Tandon, Sachet-Parampara","Mere Sohneya (From ""Kabir Singh"")",T-Series,4,135,129,500427,2021-11-25
115,spotify:track:5eXBXreN3d1zdj6Sa8dS0u,BTS,Permission to Dance,BIGHIT MUSIC,1,117,20,500090,2021-11-25
117,spotify:track:6dgYHmc5yBnQFI4FSCbp6y,Varinder Brar,12 Bande,Varinder Brar Music,76,94,6,494071,2021-11-25
118,spotify:track:0lYBSQXN6rCTvUZvg9S0lU,"DJ Snake, Justin Bieber",Let Me Love You,DJ Snake Def Jam,90,128,144,493678,2021-11-25
119,spotify:track:6IPNp9PfaEqrzotY47TIWy,"DJ Snake, Ozuna, Megan Thee Stallion, LISA","SG (with Ozuna, Megan Thee Stallion & LISA of BLACKPINK)",DJ Snake Music Productions Limited,42,97,5,492830,2021-11-25
120,spotify:track:4xmkpE1Si5JL7NFxWrhV0S,"Sachet Tandon, Kunaal Vermaa, The Fusion Project","Humraah (From ""Malang - Unleash The Madness"")",T-Series,11,131,96,490807,2021-11-25
121,spotify:track:5eN1nmOe9R29OBL6soTJov,"AP Dhillon, Shinda Kahlon, Gurinder Gill, Gminxr",MAJHE AALE,RUN-UP RECORDS,121,-1,1,490313,2021-11-25
122,spotify:track:0yIUl79oGZKSYeLY1KEOxP,"Tanishk Bagchi, Jubin Nautiyal, Hanita Bhambri","Raataan Chill Mix - Spotify Singles (Tanishk Bagchi, Jubin Nautiyal, Hanita Bhambri)",Sony Music Entertainment India Pvt. Ltd.,42,101,9,489021,2021-11-25
123,spotify:track:0bMbDctzMmTyK2j74j3nF3,"Alan Walker, Ava Max","Alone, Pt. II",Kreatell Music,60,118,98,488801,2021-11-25
124,spotify:track:5wiSbeDm2p5yniuus7eH4J,Diljit Dosanjh,Black & White,Diljit Dosanjh,66,99,13,487853,2021-11-25
126,spotify:track:5nujrmhLynf4yMoMtj8AQF,"Dua Lipa, DaBaby",Levitating (feat. DaBaby),Warner Records,8,115,56,486622,2021-11-25
127,spotify:track:7ouBSPZKQpm7zQz2leJXta,Arijit Singh,"Tum Hi Ho (From ""Aashiqui 2"")",T-Series,78,148,43,486087,2021-11-25
128,spotify:track:0IQRRlpomabOlzy39mcmmq,"Rochak Kohli, Jubin Nautiyal, Rashmi Virag",Barsaat Ki Dhun,T-Series,40,114,18,483904,2021-11-25
129,spotify:track:3ZjMdVOWxQ53FKrmkgCv95,"Sachet Tandon, Dhvani Bhanushali, Tanishk Bagchi","Psycho Saiyaan (From ""Saaho"")",T-Series,3,125,75,482862,2021-11-25
130,spotify:track:6E9UwSfT80age2xknoMS7Y,"Payal Dev, Jubin Nautiyal, Kunaal Vermaa","Tum Hi Aana (From ""Marjaavaan"")",T-Series,2,119,113,482200,2021-11-25
131,spotify:track:50nfwKoDiSYg8zOCREWAm5,Ed Sheeran,Shivers,Atlantic Records UK,50,102,11,481490,2021-11-25
132,spotify:track:5djZm1zFGcJUSUqbBjrAZH,"Neha Kakkar, Tulsi Kumar, B Praak","O Saki Saki (From ""Batla House"")",T-Series,2,122,124,481345,2021-11-25
133,spotify:track:4bD9z9qa4qg9BhryvYWB7c,"Pritam, Tochi Raina, Rekha Bhardwaj",Kabira,T-Series,72,129,115,480256,2021-11-25
134,spotify:track:4wIWWEhbdgKAxhR68eE0Ye,"Arijit Singh, Chinmayi","Mast Magan (From ""2 States"")",T-Series,75,139,41,478304,2021-11-25
135,spotify:track:3rsXfscFWGLwFk3sbO1dSj,Khan Bhaini,Rahiye Hasde,Khan Bhaini,135,-1,1,476956,2021-11-25
136,spotify:track:7eQl3Yqv35ioqUfveKHitE,"Pritam, Mohit Chauhan, Irshad Kamil",Tum Se Hi,T-Series,56,140,88,476955,2021-11-25
137,spotify:track:3jxNbVmugKWFFc3YAVl0sD,"Pritam, Arijit Singh",Aabaad Barbaad,T-Series,6,127,56,475943,2021-11-25
139,spotify:track:3rmo8F54jFF8OgYsqTxm5d,Ed Sheeran,Bad Habits,Atlantic Records UK,13,108,22,474734,2021-11-25
140,spotify:track:4SFknyjLcyTLJFPKD2m96o,BLACKPINK,How You Like That,YG Entertainment/Interscope Records,4,133,74,472673,2021-11-25
141,spotify:track:3F2BSn4ayglzMwquBRHZq6,"Kavita Seth, Kanishk Seth",Rangi Saari,Kavita Seth,138,138,3,472243,2021-11-25
142,spotify:track:1NX33DecZrq4ZUGDc47AfN,Arijit Singh,"Tera Yaar Hoon Main (From ""Sonu Ke Titu Ki Sweety"")",T-Series,54,141,143,471079,2021-11-25
144,spotify:track:6E90gq0KO6FYZVOXx8kCcC,Masked Wolf,Astronaut In The Ocean,Elektra (NEK),3,134,45,465628,2021-11-25
145,spotify:track:0H2iJVgorRR0ZFgRqGUjUM,"Pritam, Arijit Singh",Channa Mereya,Sony Music Entertainment India Pvt. Ltd.,58,151,114,464770,2021-11-25
146,spotify:track:4OcvkkpF3xmyCGGY5IBlgi,"Akhil Sachdeva, Tulsi Kumar","Tera Ban Jaunga (From ""Kabir Singh"")",T-Series,4,132,128,463335,2021-11-25
147,spotify:track:68EMU2RD1ECNeOeJ5qAXCV,"Charlie Puth, Selena Gomez",We Don't Talk Anymore (feat. Selena Gomez),Artist Partner,77,146,72,462015,2021-11-25
148,spotify:track:2FlkFn2YRzTQ13Fu2tfHb0,"Tanishk Bagchi, Zahrah S Khan, Jass Manak","Tenu Lehenga (From ""Satyameva Jayate 2"")",T-Series,111,111,3,461646,2021-11-25
149,spotify:track:1ZaeaGLhFSckG8sv1y7AWk,"Harrdy Sandhu, Jaani",Kya Baat Ay,Sony Music Entertainment India Pvt. Ltd.,42,-1,52,461352,2021-11-25
150,spotify:track:0fGclndst25Qqy8j4u5De5,"Anirudh Ravichander, Jonita Gandhi","Chellamma (From ""Doctor"")",Sony Music Entertainment India Pvt. Ltd.,59,121,44,459784,2021-11-25
151,spotify:track:43GfQ1SC17rBWiHkOtdwK8,"Atif Aslam, Shirley Setia, Dj Chetas",Jab Koi Baat - Recreated,Ishtar Music Pvt. Ltd.,44,157,26,457563,2021-11-25
152,spotify:track:5FTcLPsQFX2NZaBQHbTz06,"Harnoor, Ilam",Moonlight,Sky Digital,105,126,22,457240,2021-11-25
153,spotify:track:5G7pZ8G8NFvS1MQ9H4L7dC,"Javed-Mohsin, Arijit Singh, Shreya Ghoshal, Kunaal Vermaa, Prashant Ingole",Pal,Sony Music Entertainment India Pvt. Ltd.,44,152,142,456067,2021-11-25
154,spotify:track:0dLbrlAVPPjpPqnYfmJsWk,"Atif Aslam, Alisha Chinai, Pritam",Tera Hone Laga Hoon,Tips Industries Ltd,120,168,28,454373,2021-11-25
155,spotify:track:2PvaburAUlhNHxVhw5lvOq,Arijit Singh,"Humdard (From ""Ek Villain"")",T-Series,93,159,79,452057,2021-11-25
156,spotify:track:35mvY5S1H3J2QZyna3TFe0,Ariana Grande,positions,Republic Records,3,155,57,451677,2021-11-25
157,spotify:track:1feANd8EfcDP5UqSvbheM3,"Sachet Tandon, Sachet-Parampara","Bekhayali (From ""Kabir Singh"")",T-Series,1,154,131,449617,2021-11-25
158,spotify:track:1r6sFC5J0p9r3jcfIoSGDM,"Neha Kakkar, Jubin Nautiyal, Jaani",Taaron Ke Shehar,T-Series,5,160,62,446094,2021-11-25
159,spotify:track:7F8RNvTQlvbeBLeenycvN6,"A.R. Rahman, Javed Ali, Mohit Chauhan",Kun Faya Kun,T-Series,60,123,85,443229,2021-11-25
160,spotify:track:3GVkPk8mqxz0itaAriG1L7,XXXTENTACION,Everybody Dies In Their Nightmares,Bad Vibes Forever / EMPIRE,141,156,9,442858,2021-11-25
161,spotify:track:4iFPsNzNV7V9KJgcOX7TEO,"Atif Aslam, Pritam",Tu Jaane Na,Tips Industries Ltd,108,170,32,440346,2021-11-25
162,spotify:track:3khiYRqf3tjb6PSGBhkfl4,"Tanveer Evan, Ahmed Shakib",Maine Royaan (Lofi Remix),TE Records / Bad Ignite Records,68,153,15,440132,2021-11-25
163,spotify:track:43qJF4pC5rbLDUgmqWYOKu,Tarsem Jassar,Kingpin,Vehli Janta Records,77,100,5,439957,2021-11-25
164,spotify:track:4vwPirpSJCOiIsgxMV4Xcv,Ritviz,Liggi,Ritviz,4,174,100,439867,2021-11-25
165,spotify:track:6Uiuq2p2SUXgoN8hrxvCHZ,Ammy Virk,Dabde Ni,Burfi Music,110,110,2,439039,2021-11-25
166,spotify:track:2P91MQbaiQOfbiz9VqhqKQ,Lauv,I Like Me Better,Lauv,30,164,144,438599,2021-11-25
167,spotify:track:1zi7xx7UVEFkmKfv06H8x0,"Drake, Wizkid, Kyla",One Dance,Cash Money Records/Young Money Ent./Universal Rec.,23,162,32,438224,2021-11-25
168,spotify:track:0a6zRnrjmaOcqsEIFkXIhw,Akhil,Khaab,Crown Records,101,171,91,434573,2021-11-25
169,spotify:track:6q9XTgfWilsnyiFofvYrIF,"Badshah, Neha Kakkar, Varun Dhawan","Garmi (From ""Street Dancer 3D"") (feat. Varun Dhawan)",T-Series,3,175,100,432006,2021-11-25
170,spotify:track:5ACacHdqtOjENeTgh4qfmy,Vicky,Top Notch Gabru,Rehaan Records,33,165,19,431935,2021-11-25
171,spotify:track:3zHq9ouUJQFQRf3cm1rRLu,Ellie Goulding,"Love Me Like You Do - From ""Fifty Shades Of Grey""",Polydor Records,111,169,92,430292,2021-11-25
172,spotify:track:249gnXrbfmV8NG6jTEMSwD,BTS,Life Goes On,BIGHIT MUSIC,1,182,53,428351,2021-11-25
173,spotify:track:3SErMoIKdRELto2OspGs5L,blackbear,idfc,beartrap,173,-1,1,426544,2021-11-25
174,spotify:track:6FvSS3Goz7OC8oCC2eWqe8,"Tesher, Jason Derulo",Jalebi Baby (Tesher x Jason Derulo),Capitol Records,47,167,19,425563,2021-11-25
175,spotify:track:5cF0dROlMOK5uNZtivgu50,Charlie Puth,Attention,Artist Partner,110,177,83,425010,2021-11-25
176,spotify:track:6IWZKBeAkeCzaYNE8SmedK,"Rochak Kohli, Jubin Nautiyal, Neeti Mohan","Meri Zindagi Hai Tu (From ""Satyameva Jayate 2"")",T-Series,110,158,4,424828,2021-11-25
177,spotify:track:1FLwFOt3pBEikXjtarBqmh,"Tony Kakkar, Yo Yo Honey Singh, Neha Kakkar",Kanta Laga,Desi Music Factory,79,149,11,423662,2021-11-25
178,spotify:track:5D2L026JQTKC2gcq3qkYpj,Alexander Rybak,Fairytale,Alexander Rybak,59,120,11,422593,2021-11-25
179,spotify:track:698ItKASDavgwZ3WjaWjtz,Alan Walker,Faded,Kreatell Music,47,176,144,420675,2021-11-25
180,spotify:track:5O2P9iiztwhomNh8xkR9lJ,One Direction,Night Changes,Syco Music,108,184,28,419561,2021-11-25
181,spotify:track:0ct6r3EGTcMLPtrXHDvVjc,Avicii,The Nights,Universal Music AB,25,173,47,418778,2021-11-25
182,spotify:track:2DzEnsDbTLHwPuIMAB2z0P,"Garry Sandhu, Daddy Beats",Feelinga,Fresh Media Records,182,-1,1,418306,2021-11-25
183,spotify:track:1u8c2t2Cy7UBoG4ArRcF5g,Taylor Swift,Blank Space,"Big Machine Records, LLC",69,163,54,417867,2021-11-25
184,spotify:track:1hQia6rxgfM1ly2hE3StWp,"Vishal-Shekhar, Shekhar Ravjiani, Salim Merchant, Neeti Mohan",Ishq Wala Love,Sony Music Entertainment India Pvt. Ltd.,137,166,12,414663,2021-11-25
185,spotify:track:43YkTTlOD203o9E5ZxhUjF,Arijit Singh,"Main Dhoondne Ko Zamaane Mein (From ""Heartless"")",T-Series,145,183,15,412402,2021-11-25
187,spotify:track:7KhHA3mzt7A3LFlOJEAKpI,"Alan Walker, Sabrina Carpenter, Farruko",On My Way,Kreatell Music,1,180,141,410925,2021-11-25
188,spotify:track:5dvGOTBXFSgpKddB6MGe0P,"AP Dhillon, Gurinder Gill",WAR,RUN-UP RECORDS,188,-1,1,409974,2021-11-25
189,spotify:track:1PDnTLpadsuLNSs6LCQtQh,"Sachin-Jigar, Jassi Sidhu, IP Singh","Chandigarh Kare Aashiqui Title Track (From ""Chandigarh Kare Aashiqui"")",T-Series,147,147,2,407320,2021-11-25
190,spotify:track:7e6J0HgooHYVi4SwdOB2OM,"Devi Sri Prasad, Nakash Aziz, Chandra Bose","Eyy Bidda Idhi Naa Adda (From ""Pushpa - The Rise"")(Telugu)",Aditya Music,190,-1,1,407243,2021-11-25
191,spotify:track:2hhFpD32iXUd4GaCu6T4wn,Jon Lajoie,Everyday Normal Guy 2,Normal Guy Productions,150,150,4,405154,2021-11-25
192,spotify:track:5KawlOMHjWeUjQtnuRs22c,"BTS, Halsey",Boy With Luv (feat. Halsey),BIGHIT MUSIC,1,192,131,404410,2021-11-25
193,spotify:track:6udC4b4jOSnHb9ItnXgKLR,"Sachin-Jigar, Shreya Ghoshal, Tochi Raina",Saibo,Sony Music Entertainment India Pvt. Ltd.,65,188,56,402972,2021-11-25
195,spotify:track:39ujbBjTwwqUFySaCYDMMT,"Badshah, Diljit Dosanjh, Aastha Gill",Proper Patola,Sony Music Entertainment India Pvt. Ltd.,18,-1,100,402687,2021-11-25
196,spotify:track:6XmBh5HSdVzEAaqzEftL9t,"Stephen Zechariah, T Suriavelan, Srinisha Jayaseelan",Adi Penne (Duet) - From Naam Series,Stephen Zechariah Musical,163,185,13,402475,2021-11-25
197,spotify:track:3DarAbFujv6eYNliUTyqtz,"Doja Cat, SZA",Kiss Me More (feat. SZA),Kemosabe Records/RCA Records,16,181,33,399923,2021-11-25
198,spotify:track:0Aqi7ArnBrGblW5T6p2jmD,Trevor Daniel,Falling,Alamo,2,193,105,399272,2021-11-25
199,spotify:track:1q0PYXTbDsirp2l74ng6pn,"J Balvin, Skrillex",In Da Getto,"Sueños Globales, LLC",38,144,8,397331,2021-11-25
